6 18 4
 1
       702
       702
       702
       702
    2
     3
     4
     3
     3
     3
   4.7  60.7   645    20 
  1.5  31.5   640    21 
  3.9  27.8   175    17 
  4.0  36.2   946    15 
  4.3  45.4   945    23 
  3.7  34.6   674    24 
  3.6  65.4   359    15 
  2.0  39.3   728    25 
  2.9  33.0   796    24 
  1.8  20.7   748    20 
  1.9  60.8   633    20 
  3.0  70.0   920    24 
  3.7  67.5   678    16 
  1.3  63.6   326    18 
  3.9  20.4   915    23 
  4.5  59.0   410    20 
  3.5  28.6   276    17 
  1.1  57.2   235    22 
  3.1  37.2   948    17 
  3.2  20.9   824    17 
  4.0  44.4   653    24 
  3.4  40.5   396    21 
  1.8  45.5   173    23 
  2.3  56.5   323    25 
  139    14     9   174    76    84 
  172    89   134   144    83   144 
    7    79   145   126   126   136 
   24   179   167    15   178   124 
   37   164    77   130    89    54 
   66    10   172   134    96   106 
   31   101   150   144     9   125 
   18   146    50   117     4   127 
   90   107    25    22   152    66 
   35    19   104    45   127   171 
  118   148    88   103    46   123 
  153   161    46   164    74    30 
    8    36    77    17   109   169 
  104    12     9   163    26    58 
   63   172   173    76   154    73 
   72   143   154   178    86   133 
   30    39    33    91    31   138 
  128    90     1   140     0   118 
