25 18 6
 1
      2179
      2179
      2179
      2179
      2179
      2179
    2
     4
     3
     3
     2
     2
     2
     2
     4
     3
     3
     4
     2
     3
     4
     2
     2
     4
     3
     4
     2
     2
     2
     3
     4
   4.7  25.2   717    18 
  4.5  27.9   886    17 
  4.7  14.7   844    18 
  3.7  41.3   480    20 
  4.0  11.1   469    19 
  3.4  25.2   828    23 
  3.4  18.3   824    16 
  4.8  18.1   204    22 
  3.7  37.8   372    18 
  4.3  12.3   651    20 
  1.3  39.3   633    21 
  4.1  23.1   825    22 
  4.4  42.3   278    24 
  3.6  42.4   718    24 
  1.5  44.3   642    25 
  2.8  49.5   253    24 
  4.3  45.3   596    16 
  1.3  32.9   181    20 
  4.1  16.4   790    20 
  1.0  20.6   798    22 
  4.9  36.6   301    19 
  1.2  45.5   542    19 
  1.3  45.1   446    20 
  2.1  13.4   329    17 
  1.6  31.0    56    17 
  2.7  12.9   228    24 
  1.7  43.4   467    23 
  2.3  37.7   223    20 
  4.8  41.3   297    18 
  2.7  41.5   802    25 
  3.6  21.3   759    20 
  3.5  25.9   433    19 
  3.1  30.9   232    25 
  2.0  44.0   279    19 
  4.3  35.8   405    18 
  3.9  35.4   797    16 
  2.7  46.7   795    19 
  4.1  10.6   189    22 
  4.2  33.1   825    21 
  1.2  23.9   365    16 
  3.3  34.6   128    20 
  2.6  30.0   310    16 
  2.9  48.2   936    17 
  1.8  17.5    81    19 
  2.5  29.7   399    22 
  2.4  32.1   858    15 
  4.2  33.0   433    21 
  1.5  10.9   940    25 
  1.4  14.1   789    17 
  4.0  40.0   123    21 
  3.3  15.5   902    20 
  2.3  29.8   838    24 
  3.5  17.8   580    22 
  1.1  21.6   627    19 
  4.4  11.8   566    18 
  1.8  13.7   832    17 
  1.6  23.8   664    24 
  1.9  49.9   532    20 
  2.7  39.9    57    25 
  1.6  48.5   591    21 
  3.4  27.4    76    16 
  4.2  13.5   855    15 
  2.3  37.4   253    21 
  4.0  28.1   437    17 
  2.5  46.5   904    23 
  2.6  24.0   192    24 
  2.9  36.5   395    25 
  4.2  33.0   765    22 
  3.9  25.0   224    19 
  4.0  23.9   912    16 
  4.0  14.4   762    15 
  1.5  33.9   602    20 
  3.7  48.3   845    17 
  3.8  45.1   753    21 
  4.1  36.7   462    25 
  1.3  32.7   523    19 
  1.4  21.5   835    16 
  1.8  40.0   436    25 
  3.1  33.0   734    22 
  3.3  18.0   144    25 
  3.2  42.4   554    17 
  1.2  27.8   761    22 
  3.1  12.7   150    16 
  4.3  28.7   404    25 
  4.0  26.7   778    20 
  4.1  48.5   520    24 
  3.3  10.6   708    17 
  3.8  24.4   756    21 
  1.9  18.6   364    24 
  4.9  22.5   281    17 
  4.2  31.4   933    18 
  3.8  31.9   297    19 
  1.2  18.4   444    19 
  1.7  25.6   640    18 
  3.1  45.5   354    24 
  2.8  15.4   557    24 
  4.5  27.9   942    15 
  1.4  27.9   263    17 
  2.5  15.8   138    18 
  2.7  22.5   945    16 
  2.8  29.1   734    23 
  4.1  27.4   190    21 
  1.2  31.6   293    18 
  1.2  12.7   657    20 
  4.5  25.2   927    22 
  3.1  35.0   236    19 
  4.2  27.6   794    21 
  3.0  45.1   352    20 
  3.9  24.1   893    18 
  4.5  44.7   472    19 
  2.2  15.4   416    18 
  1.1  39.1   305    22 
  5.0  33.4   108    22 
  3.6  12.9   948    21 
  4.6  21.1   552    18 
  3.6  31.6   900    22 
  1.9  36.2   225    20 
  4.6  43.7   453    16 
  4.8  36.1   683    24 
  1.5  46.9   593    15 
  2.1  11.4   464    20 
  1.5  44.0    67    21 
  4.2  21.6   802    24 
  2.0  16.0   681    20 
  4.1  11.9   270    24 
  1.3  21.7   862    23 
  4.9  35.9   483    25 
  1.6  27.0   473    19 
  1.9  33.9   945    22 
  1.4  32.4   523    20 
  4.4  47.9   906    23 
  1.5  28.7   391    21 
  2.9  46.0   753    24 
  2.6  29.5   645    21 
  3.4  34.5   302    18 
  1.0  21.6   322    20 
  4.6  27.5   154    21 
  4.7  44.9   830    18 
  1.4  49.0   320    20 
  1.5  37.6    63    25 
  2.0  18.2   275    22 
  1.7  30.3   405    17 
  3.7  29.2   354    24 
  1.4  42.1   563    20 
  2.0  38.8   909    23 
  3.1  20.0   385    19 
  1.4  23.4   632    15 
  4.7  37.5   948    16 
  4.0  20.5   765    17 
  4.1  24.1   478    22 
  167    47   178   163   117   148     5   114    76    91    76    84    19    41    16 
   96     7   154    99   143   120    45   124   116    14   156   126    95    10   170 
   94    76    73    13   106    19    83    36   159    54   165    87    22    22   136 
  152   155   103    19    48   140   136   146    15    66    84    39     9    11    81 
   30    52    18   134    70   149    80     8    51   169    34   106    75    26    11 
  129    71    48    84   176    18   175   104    77   175    76     0   178   163    82 
   16    94   117   121   110    87   128    55    36    61   113   163   149    92   158 
   70   177   109    48   136   175    34    76   174   128    16   105    57    61   123 
   67    20   144    77    81    71   174   123   114    58    58     0   122    42    19 
    7   175    40   102    11    30    84    78     8    99    61   137   114    27   116 
   39    18    48     5    37    77    89    27    50   163   155    95    69    78    62 
  110   164    78   156    72    23    18   109   163   146   117   125    84   151   119 
  123    47    62    76    17     0    83     3   156   123   116    70   142    49   134 
  116   117   119    12   104   102    32   178   152   105   151     5   132   115    44 
   16   146    64    21     9   148    23    52    55    88    70    60    92    65    83 
   15    43    75   114   160   154    57   159    16    82   110    60    77    38   123 
  174    30     8    73   103     7    72   176    26    54   156   100   107   127    94 
  150   153   143    61    70   117   171    71    34   104   100   136    65    86    95 
   90    46   106   148    92    97   156   170    37   144 
   46    25   132   135   110    29     3    61   161   113 
   33   112   161   174   147    42    22     9    82   172 
   33     1   112    69   176   104    19   161    45    50 
   47    90   175   163   122   144   165   176   133    82 
    0    10   101    75    98   172   135   156    10    74 
   52    31   174   134     0    95   108    35   165    34 
  165   129   100    36   134    85    91    83    65    24 
  136    23   135   167    48    24    97    36    64   140 
    4   172   175    23    82    63   110   172   176   171 
  145    89    14   142    55   113   119   103    98   155 
   37    23    41    63   120    35    90    10   143   156 
   30    68    75     0    72   169    42    73   177    63 
   99     6   146     6   100   177    69   118   150     0 
   47    98    92   166    58    23   124    10   133    62 
   59   145    27    36   172    10    34   171   157     4 
   85   113   156   172    86    95   133   100    27    28 
  179   124    38    96   118   132   177    83   162   173 
