12 18 2
 1
      2294
      2294
    2
     3
     3
     3
     3
     4
     3
     4
     4
     3
     4
     3
   3.2  50.5   595    17 
  4.2  28.9   913    25 
  3.3  34.0   417    16 
  2.6  19.1   439    20 
  3.8  41.0   690    25 
  3.6  16.0   509    15 
  1.8  53.9   652    25 
  3.0  62.1   812    18 
  1.9  72.2   848    19 
  1.9  60.9    72    20 
  4.4  55.9   918    15 
  4.8  44.2   118    20 
  2.4  26.3   252    24 
  4.8  51.0   217    17 
  4.9  42.1   803    17 
  4.3  16.0   130    19 
  1.2  30.0   706    18 
  1.7  54.6   153    16 
  3.6  47.8   277    16 
  1.9  63.0   143    15 
  3.6  27.8   795    18 
  4.1  42.5   922    17 
  3.4  42.9   224    18 
  4.6  16.3   600    17 
  163    19    93   153    13    17    36   138     2   146    38   178 
  138   164     1   152    36   172   179    69   162   173    78    85 
  130   110   148   179    18    22   168     7   106    63    25    61 
   44     5   122    46   140   169    27   131   169    88    22   169 
  173    68   165    66    32    38   127   179    11   179    74   179 
  146    59     4    69    45    16   101   146   123   135   172   130 
  104    95   154   144   177   168   160    19    80   143    61    16 
   42   156   123    56    78    82    89    35   106    50   172   173 
  142    19   156    41    62    34    30   109   114    23   151   142 
   54    76    22   116   114    33    39   128    22    93     9    22 
  135    50   142   110   178   172   147   108    40     0   123    42 
   19   131   159   100   104   117   148   156   100    90   115    24 
   57   130   137   151    89   104   100    97   178     6    61    26 
   81    14    16    18    16    64   163   114   131    59    33   156 
   63   155   113    92    48    12   111    50    65    80   170    23 
   70   154   135    26   160   111   146   165    92    21    84    41 
  148    55   178    53   109     5    63   118   121   160    23    65 
   24    81    69   103    98    62    93    80    87    77    78   137 
