12 18 2
 1
      2310
      2310
    2
     3
     2
     3
     4
     3
     4
     4
     3
     2
     3
     4
   2.9  26.4    62    23 
  4.4  42.9   773    20 
  3.5  39.0   119    20 
  1.7  46.8   811    24 
  3.0  19.4   539    22 
  4.1  45.6   666    15 
  1.2  30.7   461    16 
  1.8  20.0   213    20 
  4.4  38.2   491    22 
  4.7  36.4   270    18 
  1.3  47.6   698    22 
  3.6  45.4   292    17 
  2.3  22.6   593    25 
  3.3  35.3   923    15 
  3.6  22.8   696    24 
  4.9  48.9   928    21 
  3.4  33.1   734    24 
  1.5  27.8   376    17 
  3.8  39.3   914    22 
  1.1  30.9   944    21 
  3.4  42.0   284    19 
  4.9  13.3   829    20 
  3.4  11.0   550    24 
  2.0  13.4   483    16 
   56   100   105    16    24   175    95   179   156    68   149   178 
   23   140   139     4    19   114     4   169   123    88    95   178 
  170    57    10   156    17    29    21   106    11   158   101    61 
   29   105   164    11    62   111   148   111    24    81    74   153 
   94    11     1    99   165    83    17    41   106   119   101    11 
   82    10    99    18    22     9    60   157   105    29    18    38 
   39    24   147    34   102    30    28   119    78    10    19     8 
   71   116   113   140   104    90    79     3    55    51    13    77 
  172   175    60     5   117   128   121   170    67   117   120    63 
   36   155   169    20   145   128   138    39    70    78    53   121 
   60   118    78    16    45    67   163    10    69   175    96    72 
   16   113    17    97   148     2    51   147    13   103   131   161 
  173    50   155   148   114    15   161    77    88   158   135     7 
   48   125   160   179   125    18    89    10   119    41    39    95 
   94    72   103   148    44   115   145    73   161    40    78    83 
   68    35   127    58   104    31   132    41    57   162   113    32 
   20   110   149   108    50    55    85    14   102    52    24     8 
    4   149     1   120     9    29    85    98    98   142    66   117 
