25 18 6
 1
      1986
      1986
      1986
      1986
      1986
      1986
    2
     2
     4
     4
     4
     2
     3
     4
     3
     3
     3
     3
     3
     3
     2
     3
     3
     2
     3
     3
     2
     4
     3
     2
     2
   1.7  31.4    78    24 
  1.1  36.1   455    17 
  1.5  39.7   668    24 
  2.7  35.8   643    17 
  2.8  24.2    80    15 
  2.5  30.8   556    23 
  3.5  49.7   180    23 
  2.6  25.8   160    23 
  2.3  37.8   171    15 
  1.7  27.2   663    20 
  1.4  32.6   823    18 
  4.0  10.3   458    16 
  2.7  38.5   388    22 
  3.2  22.9   910    17 
  3.1  22.9   445    20 
  3.2  25.9   257    18 
  3.6  20.9   931    23 
  4.1  14.5   321    23 
  1.0  18.9   200    16 
  3.2  43.0   930    23 
  4.4  24.9   115    24 
  2.0  48.5   933    17 
  3.4  32.6   759    20 
  3.1  39.0   758    17 
  1.7  24.9   755    17 
  2.7  33.5   487    21 
  3.9  12.8   185    23 
  3.2  42.3   510    24 
  2.5  41.9   594    17 
  2.1  10.1   470    22 
  2.1  47.7   174    17 
  4.0  17.8   255    22 
  2.1  20.0   853    18 
  2.3  37.7   768    15 
  2.0  49.5   401    16 
  3.1  25.8   305    24 
  1.4  13.1   699    16 
  2.8  48.6   727    19 
  1.5  36.9   236    19 
  3.3  40.6   444    21 
  2.6  40.1    54    21 
  3.7  15.3   946    16 
  2.1  14.8   266    15 
  2.3  18.7   375    23 
  3.3  39.8   707    17 
  1.0  19.5   555    24 
  2.4  38.9   632    24 
  4.5  33.1   232    16 
  3.3  29.5   581    21 
  3.5  44.7   512    20 
  4.6  26.1   575    24 
  4.3  27.1   541    21 
  4.6  27.5   507    15 
  2.3  37.8    91    17 
  2.2  18.2   339    21 
  3.8  47.1   943    19 
  3.7  10.7   689    24 
  4.7  22.3   134    25 
  4.3  39.4   185    15 
  4.1  10.8   346    24 
  3.4  41.2   491    15 
  1.4  23.8   407    17 
  2.3  31.6   203    21 
  2.0  16.9   938    24 
  2.0  18.0   272    23 
  4.2  45.7   898    24 
  3.9  17.4   690    16 
  2.5  43.1   295    25 
  4.9  20.4   770    23 
  3.3  31.2   406    25 
  3.6  38.0   825    25 
  1.4  41.0   305    19 
  1.0  19.9   284    19 
  5.0  32.7   311    16 
  4.1  19.5   158    17 
  3.4  28.3   820    15 
  4.6  28.8   562    21 
  4.9  40.1   598    19 
  1.5  32.8   143    16 
  2.5  23.5   372    17 
  2.9  45.4   403    18 
  4.8  13.4   851    24 
  4.2  10.4   497    15 
  3.7  10.6   429    21 
  3.5  46.3   882    24 
  4.3  11.3   575    18 
  4.6  29.1   442    17 
  5.0  24.9   808    25 
  2.2  42.3   856    15 
  2.4  29.6   450    17 
  4.8  44.7   310    22 
  3.5  26.5   786    19 
  4.0  26.8   892    22 
  1.4  44.7   142    19 
  1.7  30.5   122    16 
  2.4  45.5   525    18 
  3.7  14.8   293    22 
  4.9  35.6   701    16 
  4.9  33.2   369    23 
  4.9  42.7   506    24 
  2.7  32.6   709    20 
  2.1  36.1   139    16 
  3.5  13.4    79    25 
  4.8  43.5   822    22 
  1.4  13.2   106    24 
  2.9  44.4    76    20 
  3.4  40.2   890    21 
  2.7  24.7   825    19 
  1.3  31.3   683    25 
  2.1  47.0   180    23 
  3.1  27.1   350    16 
  2.0  42.2   160    15 
  4.3  34.4   362    20 
  3.5  46.5    90    17 
  1.2  26.4   567    22 
  1.9  42.0   387    18 
  1.4  30.6   677    20 
  3.9  43.3   551    16 
  1.9  27.0   618    20 
  3.7  35.7   361    16 
  2.6  26.8   815    17 
  4.2  19.8    57    20 
  2.3  30.1   770    15 
  1.6  49.7   154    18 
  1.8  42.6   361    24 
  2.0  35.9   356    17 
  2.0  43.2   946    18 
  4.5  47.7   375    21 
  4.7  12.2   209    20 
  3.4  45.2   691    24 
  2.5  32.4   559    23 
  4.7  19.9   885    22 
  3.2  33.4   904    17 
  4.0  14.5   430    16 
  2.5  11.5   876    15 
  2.5  23.1   496    17 
  3.8  26.5   412    18 
  3.6  22.7   639    20 
  3.1  22.2   164    24 
  4.6  15.1   500    25 
  2.3  13.9   417    22 
  3.3  33.6   688    21 
  1.2  43.9   892    20 
  1.8  36.8   285    18 
  2.0  33.2   117    25 
  4.3  21.3   259    23 
  4.3  43.3   249    18 
  2.2  19.2   718    16 
  2.3  27.3   420    22 
  2.6  41.3   350    24 
   47     1    83    31   135   167    43   165   167   125   169   149    33    58   109 
   44    79   136   134   134   122    41   161    77    54   160   162     3   146   162 
   44   129   102    70   164     0     0     9     4   134   145    45   179   150   112 
   80   133   156   116   167    40    87   167     7   141    93   138    90   115    71 
  110    50   148    21   100   119    49    69    87    64   120   143    75   128    10 
  131    60    91   134    73   103   136    75    51   138   114    39    76    92    36 
  159    45   121   164   157    64   149   173    92   105    30    13    96    13   146 
   82    69    82    10   167   157   170   112    99   100    57    50    74   149   170 
   44   153   165     4    90   141    10    83   169   107    68    18   107    52   170 
    9   150   136    91   107    81    31     2     5    81    63    15    54    34   143 
  158    41    39     9    85   123    13     5    12    22     5    64    36    89   106 
  151    93    11   167    58     6   170   149    39   101    84   129   167    49    68 
   48   177    50   121    54    21    30    96     9   144   150    67    25   147   149 
   43   170    48   179   104    38   138    73   107   149    34    94     4   147    67 
    5    16   150    61    75    29    46    22   130   129    73   160   120    59    94 
   49   179    24   136     4    54   143   112    40   120    90   179    54    69   163 
  104    59    52   152   179    79    32   179     6    94   178    27    47   168    36 
   30    49    99   137    79   125    85    33    23    29    46   105     8    80   119 
   54    96   173   175    40   105     7    91    82    69 
   28   159   128    48    82   100    13    97   141    40 
   90   146    53    53    23    86    14   144    18    81 
  117   123    25   102    86     9   126   145    27   143 
  161   111    66   122    73   130    43   123   146   172 
   96   144    24   105   120   126    95    74     4   155 
  164   167   138    62   100   177    97     0    30   116 
  176   150    87    83     4    48    93    20   167   141 
   28    78    60   141    67    36   144     7   140   172 
  129   103    75   121   121    94   104    15     3    11 
   67   136    44   124   118   137   123    35   115     1 
   70    94    79   153    93     6    61   119    19    38 
   58   114   104   146    85     4    92   139    19    72 
  121   124    41    58   157   103    14    14   158    52 
   40    58   127    15   114   121    89    54   155     7 
  179   158   106   174     7   131    69   171   142    82 
   34    12   109    20    91    63    98   135   163   107 
  123   148    59   115   101     6    56   149    31    40 
