25 12 6
 1
      2253
      2253
      2253
      2253
      2253
      2253
    2
     2
     2
     2
     4
     2
     2
     4
     4
     3
     3
     3
     4
     3
     2
     4
     4
     3
     4
     3
     3
     3
     4
     3
     2
   2.9  13.9   595    17 
  4.5  24.5   667    23 
  4.4  39.3   178    20 
  3.5  26.0   428    23 
  2.9  31.0   224    18 
  4.4  10.2   590    24 
  3.2  10.5   629    17 
  3.0  10.9   909    17 
  1.8  39.5   858    20 
  2.9  10.9   149    23 
  1.2  42.9   530    18 
  1.4  20.1    56    20 
  2.7  28.9   616    16 
  4.2  30.2   631    17 
  4.0  43.9   214    23 
  4.8  33.4   540    21 
  3.8  29.4   571    22 
  2.1  36.8   500    24 
  4.3  47.9    87    19 
  3.9  49.9   877    18 
  2.7  42.8   251    16 
  2.0  46.0   728    25 
  1.4  35.2   241    19 
  2.3  43.2   217    18 
  4.2  10.6   762    25 
  2.3  23.8   252    24 
  4.7  19.9   439    20 
  1.9  38.1   350    16 
  1.2  27.8   358    24 
  1.6  33.5   468    21 
  3.0  10.7   336    21 
  4.4  49.3   208    15 
  4.9  24.1   241    22 
  3.6  11.1   868    15 
  3.5  35.6   458    18 
  1.6  12.9   147    24 
  2.4  31.0   660    23 
  4.1  47.0   942    23 
  3.8  49.1   555    21 
  2.0  46.5   937    18 
  4.1  35.0   912    16 
  2.9  30.2   111    19 
  1.5  13.8   246    17 
  1.3  14.4   949    22 
  1.2  49.2   452    22 
  2.6  49.8   941    21 
  5.0  45.0   303    23 
  2.7  19.2   176    19 
  3.0  44.4   472    24 
  2.5  33.8   264    16 
  2.9  34.7   925    21 
  3.6  42.0   130    19 
  1.4  26.9   652    25 
  2.2  20.1   372    23 
  3.4  28.4   262    16 
  4.2  44.0   457    25 
  1.7  42.2   230    22 
  1.2  25.5   739    17 
  2.9  12.5   702    23 
  3.9  14.0   403    19 
  3.9  33.6   301    19 
  4.2  47.1    72    24 
  4.6  34.7   816    19 
  1.5  23.6   143    23 
  1.5  21.4   365    19 
  5.0  43.9   899    16 
  2.5  13.7    77    21 
  1.8  15.8   792    23 
  1.0  30.5   147    23 
  4.7  22.4   861    15 
  2.5  34.0   378    22 
  3.0  39.3   520    16 
  4.6  15.2   425    16 
  4.0  40.1   442    16 
  3.3  13.7   181    16 
  3.8  16.4   195    25 
  2.8  34.7   928    18 
  3.8  32.2   277    16 
  3.9  46.2    72    20 
  4.0  27.1   549    21 
  4.0  10.4   111    19 
  4.0  35.3   634    21 
  4.6  35.9   463    23 
  4.9  36.2   915    17 
  1.8  12.6   174    23 
  3.4  16.7   705    22 
  3.2  29.2   670    24 
  2.7  37.9   947    23 
  2.7  21.5   180    20 
  4.6  35.7   945    21 
  2.8  48.3   132    17 
  4.8  39.1   235    18 
  4.2  42.5   868    21 
  4.0  23.0   598    17 
  2.5  22.4   899    21 
  5.0  11.5   656    20 
  1.5  22.6   504    15 
  4.2  26.7   356    25 
  4.7  30.1   480    25 
  1.3  31.8   169    24 
  1.3  45.8   653    17 
  1.8  33.3   352    22 
  1.8  14.8   289    23 
  3.5  16.5   922    17 
  4.1  16.4   371    21 
  3.6  11.9    65    23 
  2.3  32.2   492    20 
  1.8  48.3   664    24 
  3.1  24.5   572    23 
  2.0  20.4   871    16 
  1.1  37.2   826    16 
  4.8  46.8   162    24 
  4.0  44.5   382    18 
  1.9  45.0   568    18 
  1.6  43.9   497    21 
  5.0  35.8   461    24 
  2.9  17.7   893    25 
  4.2  23.0   781    21 
  4.8  13.5   590    22 
  3.7  14.2   666    16 
  4.1  30.8   781    20 
  1.7  36.5   346    15 
  1.6  10.1   805    25 
  4.0  47.6   900    18 
  3.5  31.7   380    17 
  3.9  32.1   417    16 
  2.7  18.9   923    22 
  3.0  34.0    93    23 
  4.2  42.4    55    24 
  4.0  32.5   780    17 
  2.8  14.4   440    22 
  2.6  14.3   243    23 
  4.6  45.1   468    21 
  5.0  10.4   764    17 
  4.9  13.0    77    21 
  2.1  22.7   330    24 
  4.0  31.4   847    23 
  5.0  18.3   773    19 
  4.7  33.2   233    16 
  3.4  49.4   292    16 
  4.8  27.2   217    17 
  1.4  28.7   690    17 
  3.7  21.9   517    19 
  1.9  15.7   537    24 
  3.8  19.4   584    19 
  4.9  22.1   367    25 
  4.2  29.8   156    19 
  4.3  19.1   666    16 
  4.2  12.1   704    25 
  2.3  17.2   738    23 
   14    28   103   157    84    38    11    23    59   145    12    52   149    48    13 
  150    91   106    53   143    27    45   126   108    32     3    84   145   126   155 
  176    21   121    92    59   172   122    76   165   158    48   122   133    92   178 
  167    56    63    85    17    28    52   120   172    17   172    34     6    34   145 
   98    77   111    86    65   149   110   109    78    65   146   170   127   110    89 
   18    21    52     7   167    78    77    85   105    30    73     5   125    42   122 
  125    81   137   163    48    70    51    70    70    67   116     4   105   141    77 
  151    19    47    99     5    91    83    33   128   158   104    86    13   125    53 
  102    16    67   132   108     3   110    52   160   176   144    54    51    36   152 
  128   113    30    70    50   131   177    93    37    48    96     4   148    69   135 
  157   124    97    16    65    88    59    59    33    28   102    39   157    78   129 
  157    46    12    43   111   141    21   133   147    57   177    73   103    60   120 
  148    84    94   156    48   110    93   101   127     4 
   81   105   159   171   176    67    23   139   171   173 
   57   156   161   135   117    65    13   163    71    62 
   83   172    74   127    33   132    66   134   109    25 
  108    54   166   116    18    78   138   126    95   157 
   69    92    90    81   152    70   117    24    99    54 
   60    27    60   153     8    81    40   151    21   140 
  111    54   141    87    49    85   148    71    52   103 
   18    64   165    82     6    93    35    92   119    35 
   41    82    38   143    97    19    75   104   100    10 
  126    62    39   165     1   124    41   136   106   171 
  155    55   166     8    52   127    70    66    65    54 
