25 18 2
 1
      3904
      3904
    2
     3
     2
     3
     4
     3
     4
     4
     3
     2
     3
     4
     3
     4
     3
     4
     4
     3
     2
     4
     2
     4
     4
     3
     4
   1.1  48.4    62    23 
  3.3  18.8   773    20 
  3.6  73.6   119    20 
  3.5  31.7   811    24 
  1.8  51.7   539    22 
  4.1  18.5   666    15 
  3.2  64.3   461    16 
  4.8  41.2   213    20 
  4.6  49.7   491    22 
  1.0  20.4   270    18 
  1.2  48.0   698    22 
  4.1  16.9   292    17 
  3.2  64.5   344    19 
  2.3  51.0   620    21 
  1.4  20.8   208    18 
  1.5  49.2   261    20 
  4.2  30.2   168    24 
  3.8  29.8   709    22 
  1.2  73.4   819    20 
  3.5  42.9   643    24 
  3.0  57.9   600    24 
  1.0  20.1   128    18 
  1.7  33.5   523    17 
  1.1  22.3   232    25 
  2.3  24.5   523    18 
  4.1  34.0   593    25 
  1.2  23.1   923    15 
  4.5  54.6   696    24 
  3.8  39.1   928    21 
  4.3  50.2   734    24 
  4.7  15.4   376    17 
  3.5  35.1   914    22 
  1.4  66.7   944    21 
  3.8  64.7   284    19 
  1.1  67.2   829    20 
  1.4  26.5   550    24 
  1.5  20.4   483    16 
  5.0  64.5   824    18 
  3.7  23.2   703    21 
  2.4  70.2   925    24 
  3.3  54.0   571    21 
  4.3  53.3    92    19 
  3.3  31.7   275    17 
  3.5  24.9   594    22 
  1.2  25.3   124    25 
  3.9  37.4   639    15 
  1.4  53.4   170    18 
  1.7  46.7   248    20 
  4.3  20.8   132    18 
  2.8  55.4   151    19 
  138    39    70    78    53   121   176    31    74   116   139    82   153    65    10 
  163    10    69   175    96    72    42   159    47    19    47     5    40    60   108 
   51   147    13   103   131   161    74   142   174    87     0     2   129   108    36 
  161    77    88   158   135     7   111    24    56   137    47     6    36   176   170 
   89    10   119    41    39    95    16    78    54   146    78    24    17   171     7 
  145    73   161    40    78    83   141    77     6   169    68   111    15   103    70 
  132    41    57   162   113    32    54   107    31   148    45   102    92   140   163 
   85    14   102    52    24     8    27   160   127   154    88   127    76    89    37 
   85    98    98   142    66   117    36     9     7   115   172    29   128   116   109 
  179   156    68   149   178    86    24    25   110     2    47    88   179    66    97 
  169   123    88    95   178   137    49    69   153   155    22    19   149   125   144 
  106    11   158   101    61    69   124    55    31    44   109    76   110    69   106 
  111    24    81    74   153    18     7    10   150    20   104   104     9    25   168 
   41   106   119   101    11   108   102   144   135   133    36   117    79    84   138 
  157   105    29    18    38    12    51   140   178   114    69   169     2   151    22 
  119    78    10    19     8   138    71   178     3    46   165    36   131    51   139 
    3    55    51    13    77    52    37    30     3    79    20    78   118   100    54 
  170    67   117   120    63    46   133    16   125    19    48    48   163     9     7 
   42    95    10   122     4   141    59    33    12   174 
   79   178    29    41   146    62    93   149   102    43 
   63   158     3    21    38   130   164    43    31    34 
    5    34    12   139   117   161    50     7   135    92 
  174    73   118   145    10   119    69   137   106    61 
  103    55     9   107   129    44   147    76    79   111 
  127   165     7    26    87   111   112    10    98    41 
  102   160    58    85    51   146   108    51   176     1 
  105    44   106    81   131   178   115   162   152   127 
  177   104   117    28    57    95    37    42    18     8 
  151    51    78    93   134    96   173    12   110    41 
   87   158   179     9    34    12    16   158    40    21 
  163   159   121    16   128    27    76   168    76    57 
  103     5    10     6    77   105    96    70   108   126 
   86    34   131   149    77     1   175   130    97    52 
  128    23    57    57   142   123    42    62    82    85 
  150    33    70     2     0    70    22    45   122    39 
   21   152   157    44   170   100    91   156    30     1 
