6 18 4
 1
       674
       674
       674
       674
    2
     4
     4
     3
     3
     3
   2.9  49.1   717    18 
  4.9  31.3   761    23 
  2.0  44.7   112    24 
  1.5  12.5   466    24 
  4.2  34.3   473    19 
  5.0  18.1   734    22 
  4.3  23.4   228    24 
  3.1  10.8   879    24 
  1.8  32.4   594    24 
  4.4  24.5   640    17 
  4.3  35.8   493    19 
  2.9  31.4   657    20 
  3.3  48.6   902    20 
  4.3  44.6   886    17 
  2.5  18.3   924    17 
  2.7  47.2   908    21 
  2.5  19.2   363    20 
  1.4  14.4   945    22 
  1.4  36.5   523    19 
  3.1  41.5   467    23 
  4.1  48.1   609    20 
  3.7  39.3   355    19 
  4.0  16.8   448    18 
  3.0  23.4   442    16 
  156    57    93    38    28   100 
  140    71    59   164    77   178 
  170   112    73    45   166     2 
   54   108    83   130    62    36 
   64    86    54    27   113   161 
   77   145   145   105   179    40 
   45    63   122    40    91    95 
  179    84   154   111    54    15 
    1    52    69   141   136   170 
  172    50   149   120   174    28 
   70    99     7    11   118    59 
   55   107   160    55    20   176 
  168   116    43   155    62   119 
  105    15   131   111   151   170 
  119   149   128   167   170   117 
   51    11    50   133    33    45 
   85     5   107   110    46    12 
  120   163    20   154    60    13 
