12 18 2
 1
      2289
      2289
    2
     2
     4
     3
     2
     2
     2
     4
     4
     2
     3
     4
   4.4  35.5   609    18 
  4.6  11.2   246    22 
  1.2  41.7   442    18 
  3.9  44.3   851    17 
  4.3  32.9    71    19 
  4.4  45.9    77    16 
  2.5  25.6   698    21 
  3.5  42.3   617    21 
  3.7  13.0   653    19 
  3.2  11.5   737    19 
  3.3  46.6   225    25 
  2.2  20.6   338    21 
  4.4  38.2   360    18 
  3.7  28.0   702    24 
  4.6  39.9   576    16 
  3.2  22.7   793    17 
  2.5  27.7    54    17 
  3.9  45.2   146    24 
  1.2  41.5   199    18 
  3.8  35.1   745    17 
  2.3  44.1   137    21 
  2.7  16.8   874    20 
  4.0  25.1   939    17 
  4.1  35.1   744    17 
  146   118    25   166    70    13    50   110     4    69   159    38 
    8    87   168    75   136    79    64   148   135   122    67    21 
   53    63    46    93    79    27    38   148   108    50    35   120 
   23    74    42    55   170    76   139   128   118   141    44   103 
   11   174    86    43   160     5   179    30   143   176   172   171 
   50    82     8    92    10    74   170   125   139   176   152     2 
   33    42   132    56   133   134    59   150   168   158    39   158 
   59   117   175   100    72   150   102    95    66    76    51   158 
  164    27     6    22     5    58    36    92    35    22   171   153 
   94     7   124   111    73    53   128    30    70    52   103    53 
   37   160     9    74   130    83   113   116    33   120   155   159 
   69   144   123     6    99   120     4   154    88    71    47   154 
    9   159    49    15     8   135    77    90   157    60    58    37 
   38    58    80   139     8    20    68   103   101   127     7    83 
  118    11    33    48    18    86   118    48    67    47    15    58 
   57   107   165    92   112   136   145    56    85    92   102    13 
   35   141   148   179    82   124   162   126    50   159    21    53 
  141   117   158    83    48     1   167    84   156   153    91   158 
