12 18 2
 1
      2519
      2519
    2
     3
     4
     4
     2
     3
     2
     3
     3
     3
     3
     4
   1.4  36.5   717    18 
  3.1  10.8   415    24 
  3.1  41.5   862    23 
  1.8  32.4   467    23 
  4.1  48.1   594    24 
  4.4  24.5   364    21 
  3.7  39.3   580    22 
  4.3  35.8   433    18 
  4.0  16.8   363    20 
  2.9  31.4   734    22 
  3.0  23.4   123    25 
  4.8  22.1   351    23 
  4.9  31.3   228    24 
  4.3  44.6   747    20 
  2.0  44.7   216    24 
  2.5  18.3   838    24 
  1.5  12.5   924    17 
  2.7  47.2   466    24 
  4.2  34.3   436    25 
  2.5  19.2   434    20 
  5.0  18.1   448    18 
  1.4  14.4   657    20 
  4.5  41.3   469    19 
  2.4  27.3   919    21 
   45    63   122    40    91    95    49   119    17    82    79    60 
  179    84   154   111    54    15    84    87   172    76   174    17 
    1    52    69   141   136   170    35   147   164    67   178    93 
  172    50   149   120   174    28    35    72    60    20    41   126 
   70    99     7    11   118    59    71     6     7    66   158    38 
   55   107   160    55    20   176   171    71   108    98    28   142 
  168   116    43   155    62   119    87    34   146   113    42   175 
  105    15   131   111   151   170    26    54   171    76   166    32 
  119   149   128   167   170   117    34   118    41    96   150     1 
   51    11    50   133    33    45   177   154    64   110    19   113 
   85     5   107   110    46    12   119   126    50     5   179    14 
  120   163    20   154    60    13   143    94     3   178    87   177 
   57    93    38    28   100   109    63   102   161   103    44    82 
   71    59   164    77   178    11    78   152     0     3    55    24 
  112    73    45   166     2    52    21   134   142     1    42   179 
  108    83   130    62    36   176    80   149   157   116   147   159 
   86    54    27   113   161    69   161   122   101    34   110    44 
  145   145   105   179    40    67    60    69    97    87   140   118 
