25 12 6
 1
      2107
      2107
      2107
      2107
      2107
      2107
    2
     4
     2
     4
     3
     4
     3
     3
     3
     2
     2
     4
     4
     4
     2
     3
     3
     3
     4
     2
     3
     3
     3
     3
     2
   4.1  38.1    62    23 
  1.4  62.1   705    22 
  1.8  59.6   241    22 
  2.5  33.6   662    22 
  2.2  17.2   550    24 
  1.1  56.8   620    21 
  4.4  30.0   754    21 
  2.7  38.0   684    24 
  1.5  31.2   277    24 
  1.4  40.6   132    18 
  1.4  20.3   171    16 
  3.6  69.4   749    21 
  3.8  38.1   570    24 
  1.2  38.5   154    15 
  2.2  17.5   878    18 
  4.4  44.0   100    18 
  2.6  33.5   127    15 
  1.7  65.8   449    17 
  2.7  74.9   584    24 
  4.2  50.9   257    19 
  1.1  29.9   396    19 
  4.0  26.5   199    22 
  3.7  29.9   795    23 
  2.6  48.5   248    23 
  4.9  20.6   368    19 
  1.4  51.0   593    25 
  2.2  24.3   811    24 
  1.7  68.2   789    19 
  1.2  63.2   383    20 
  1.7  57.5   243    23 
  3.6  21.5   703    21 
  1.5  59.6   168    24 
  2.0  44.4   770    21 
  2.8  16.8   331    16 
  3.3  54.2   291    25 
  3.1  40.5   929    21 
  2.4  35.2   874    16 
  1.6  43.0   796    22 
  4.6  27.6   536    16 
  2.0  41.4   563    16 
  4.6  49.6   620    25 
  4.7  68.4   626    16 
  1.2  24.7   743    22 
  3.7  18.4   258    21 
  1.6  43.6   545    16 
  1.1  63.8   490    16 
  3.8  41.0   308    16 
  3.5  63.9   558    20 
  2.3  46.3   620    19 
  2.7  47.2   412    22 
  1.3  61.2   503    18 
  1.8  23.1   928    21 
  4.2  23.3   461    16 
  4.1  74.4   250    18 
  1.2  51.7   105    18 
  2.9  61.0   338    22 
  3.5  30.6    92    19 
  4.8  31.0   643    24 
  1.0  17.3   903    16 
  4.8  27.1   394    20 
  3.9  74.8   644    24 
  3.4  73.7   546    15 
  4.4  32.0   131    15 
  3.4  47.5   945    23 
  2.4  16.7   635    21 
  2.9  57.9   609    17 
  2.0  50.0   328    17 
  1.1  19.2   308    24 
  3.9  34.0   649    24 
  2.8  24.5   667    24 
  1.9  54.1   859    22 
  2.7  62.3   445    22 
  5.0  46.8   556    19 
  4.7  31.8   382    16 
  4.9  29.0    89    24 
  2.2  30.5    84    23 
  2.1  56.7   712    24 
  2.8  40.8   914    22 
  1.7  20.4   270    18 
  4.4  25.5   486    20 
  4.2  71.4   877    17 
  2.8  21.6   678    20 
  1.5  51.4   124    25 
  1.6  52.2   523    17 
  2.7  31.3    74    16 
  4.3  51.9   300    21 
  4.8  49.6   616    23 
  3.2  18.2   833    15 
  4.2  50.3   343    23 
  4.9  49.5   278    23 
  4.3  22.1    96    20 
  2.1  68.0   526    17 
  3.6  18.3   497    24 
  2.6  67.4   900    15 
  3.1  18.1   174    16 
  1.2  58.2   564    18 
  1.0  72.0   566    25 
  3.1  19.2   148    16 
  2.6  64.1   945    25 
  1.5  45.4   467    20 
  4.9  29.3    56    25 
  1.2  49.2   895    20 
  3.4  68.5   534    24 
  2.7  31.0   829    20 
  4.3  60.2   344    19 
  4.3  66.5   924    25 
  4.1  30.9   225    22 
  3.3  27.1   896    16 
  3.3  57.4   248    20 
  4.4  28.4   750    21 
  1.2  41.6   412    22 
  4.1  44.9   899    18 
  1.2  51.3   546    16 
  4.7  61.1   653    21 
  3.8  49.3   624    23 
  3.1  74.6   501    17 
  4.5  16.8   159    15 
  1.2  34.5   713    23 
  3.7  28.8   102    17 
  1.4  17.3   580    21 
  2.9  32.1   391    20 
  4.1  35.9   256    24 
  1.6  50.3   653    16 
  3.5  51.0   818    18 
  1.7  64.9    92    17 
  2.7  52.2   119    20 
  2.1  38.7   395    23 
  1.2  23.4   599    17 
  4.9  34.0   716    19 
  5.0  16.3   824    18 
  3.6  15.9   261    20 
  1.0  30.7    65    17 
  2.5  70.1    72    21 
  1.6  44.5   911    19 
  3.9  27.1   576    18 
  1.1  58.8   601    17 
  3.6  37.3   137    19 
  1.8  71.8   222    16 
  1.5  61.3   145    16 
  3.3  74.3   272    22 
  4.5  26.5   692    22 
  1.8  23.0   137    23 
  3.4  54.2   476    20 
  1.5  61.5   435    23 
  4.3  34.2   328    19 
  3.9  34.2   844    20 
  3.9  69.0   862    17 
  1.0  56.0   530    18 
  3.6  27.6   243    16 
  2.0  17.6   482    22 
  137    45   110    61    39   104   116   153     5   147   157    69     0   177    48 
   76   156    40   111     1   173    55    30    10   115   127   121   147   139    52 
   10    12    76    41    60    13    46    36    11   146   165   178   143    94   126 
   51   102   108     1    48   103    32   116    11    72    64    50   151   160   136 
  162    31    97   127   160    15    70    84   116    80    43   118     8     5     7 
   42   135    82     8    15    84   138   154    74    44   166   129    93     9   172 
   12   106   122    41    41    91    92   137   167    96    72   162    40    56    98 
  158    79    30    21   153    67    15    44    64   147    40   177    39   143   128 
  168    98   174    57    72   159    42    48    52    40   175    95   138    18   176 
   70   176    43   126    20    62   125   169     2    71   132   108   114   162   135 
  130   152    34    52   177   120   139    19   166    74   140    80    40    53   139 
   62    18    92    85   161   132    97   155    47   160    54    22   102    75    90 
  107    22    59   113    32   134    81   157    66   102 
   63    97    93   131   152    96   103    98     2   162 
   66    30    37    48    88   130   147    20   178    27 
  156    98   148   117   164     2   157   131   168    38 
  139     2    73   177    94    57    51    60   116   173 
   21    26   119   115     0    11   171   137    34   152 
   66    14   175    28    40    47    22    46   158   142 
  103    87    45    89    30    35   168   178    14    10 
  168    60   154   159    71    15    34   144    43   152 
  166    20    79    68    77    50    34    42   166    72 
   18    37   162   140   127   128   104    55    38   143 
   75    13    22    51    82   148   155     9   179    55 
