25 18 6
 1
      1985
      1985
      1985
      1985
      1985
      1985
    2
     2
     2
     4
     2
     2
     3
     3
     3
     3
     4
     3
     3
     3
     3
     3
     3
     4
     3
     3
     2
     4
     4
     3
     4
   1.4  21.4   609    18 
  4.5  24.9   288    21 
  2.4  24.7   889    15 
  1.0  66.5   451    23 
  2.5  16.1   939    17 
  2.9  56.7   454    22 
  2.5  46.1   816    19 
  3.2  24.1   118    22 
  2.7  15.2   739    18 
  2.6  28.7   399    17 
  1.5  29.7   261    20 
  2.3  60.2   894    16 
  3.7  25.6   217    19 
  1.7  36.7   607    16 
  3.6  67.0   851    24 
  1.9  19.3   291    20 
  4.1  29.2   729    22 
  4.6  40.7   564    18 
  2.4  41.7   792    23 
  1.6  42.2   334    18 
  1.6  36.5   219    19 
  4.6  53.7   934    25 
  4.7  70.3   845    24 
  3.7  61.4    88    18 
  3.1  56.1   819    24 
  3.8  74.9   360    18 
  3.6  25.2   851    17 
  2.2  63.2   145    16 
  4.9  45.9   614    22 
  4.7  38.2   612    23 
  1.7  46.6   764    15 
  3.6  67.3   692    24 
  3.9  68.6   816    18 
  4.4  51.7   781    21 
  2.2  37.5   242    16 
  2.1  48.2   188    22 
  4.2  73.3   261    18 
  3.9  64.2   791    24 
  4.5  56.7    83    19 
  2.0  38.3   720    16 
  4.4  36.6   448    16 
  1.1  38.8   482    16 
  1.6  41.7   694    17 
  4.3  16.4   204    22 
  3.1  30.5   471    22 
  1.8  58.9   837    20 
  1.3  46.6   433    24 
  4.0  41.6   225    19 
  4.6  16.9   561    16 
  4.3  27.6   846    18 
  2.2  30.6   648    16 
  4.5  26.9   793    17 
  3.7  17.0   698    21 
  4.7  51.1   211    16 
  2.3  29.5   215    18 
  2.7  74.6   723    24 
  3.8  73.2   379    24 
  4.0  67.9    84    21 
  1.4  65.9   319    15 
  3.5  59.5   337    22 
  2.9  72.1   850    15 
  4.7  49.3    94    20 
  3.9  51.9   881    24 
  3.7  51.2   747    16 
  5.0  71.8    78    19 
  2.0  31.9   435    17 
  4.1  30.9   671    23 
  1.1  35.4    75    21 
  3.7  73.4   803    22 
  1.0  70.6   726    15 
  3.9  37.2   387    21 
  1.1  21.8   313    16 
  3.3  46.7   910    17 
  3.3  29.5   505    16 
  1.2  72.3   237    24 
  1.7  72.8   863    17 
  3.7  68.8   422    17 
  3.4  55.9   199    18 
  4.6  70.6   737    19 
  2.6  34.6   812    23 
  1.4  15.2   822    22 
  3.7  15.7    97    19 
  4.6  40.2   203    19 
  2.3  48.6   110    16 
  1.5  37.3   759    17 
  2.7  36.3   849    23 
  4.2  57.1   926    22 
  4.6  31.4   520    19 
  1.9  40.9   514    18 
  4.8  71.0   701    19 
  3.8  20.2   424    15 
  3.3  50.9   303    15 
  1.4  48.3   392    19 
  1.5  74.5   514    20 
  4.1  67.6   643    21 
  3.6  29.8   301    20 
  1.9  61.9   408    22 
  2.7  27.2   249    23 
  4.3  50.2   155    17 
  4.0  41.8   343    20 
  4.8  48.0   740    22 
  2.2  74.9   271    15 
  4.6  73.7   630    24 
  2.5  46.3   874    20 
  4.3  65.6   817    21 
  2.8  72.7   336    21 
  3.7  69.8   615    23 
  1.3  47.1   873    21 
  2.4  46.4   219    18 
  1.2  22.5   487    22 
  1.0  40.8   109    18 
  4.9  73.9   671    15 
  2.6  63.2   266    18 
  3.6  28.3   470    25 
  4.6  44.3    95    21 
  3.1  24.0   802    22 
  1.2  64.1   243    19 
  2.9  35.9   776    22 
  1.2  43.5   633    17 
  3.6  55.5   748    23 
  3.1  71.1   397    24 
  4.4  16.1   689    18 
  2.6  61.0   908    18 
  3.5  61.7   568    22 
  2.6  36.2   318    16 
  3.8  43.9   442    18 
  4.0  40.5    72    15 
  2.5  56.6   269    21 
  1.9  26.2   922    19 
  4.1  69.2   861    22 
  2.8  67.3   565    23 
  3.6  29.3   685    23 
  4.1  62.9   389    22 
  2.0  48.2   872    18 
  1.5  38.5   422    19 
  4.3  64.4   757    21 
  1.4  26.3   665    16 
  1.2  23.9   334    20 
  1.4  69.7   733    19 
  4.2  38.1   142    15 
  3.5  41.9   318    18 
  1.2  22.8   950    23 
  4.5  54.4   889    24 
  2.6  35.6   504    24 
  3.5  15.8   381    24 
  1.7  54.9   301    22 
  2.4  60.4   514    18 
  1.8  18.9   825    21 
  4.6  20.9    62    25 
  1.1  38.0   862    24 
  148    79    39     6   128   138    94    82   116    96   156   175   163    66    86 
   88    53   173    36    23    80   119   174   166   107     6   137    86    46   167 
   48   116    21    99   123   167    31    68   138   126   144   160    72    39   105 
   36   159   150   116    71   177   158    38   173    18    35   158    22    10    70 
   55    77    59   144    74   129    79    13   115    26   169    47   129    86    76 
  136    87    42   114    31    35    62   166    26    87    10     1    36    76   135 
  133    72   120    43   146   144   161   156    75    58    58   173   171   123   109 
  157    93    70   102    85    53    10   160   132    28    77    41   100   139    52 
  122   149    64   141    73   115   160    13   133    85    64    34   132    48    69 
   26    94    48   177   129    80   100    74   101    82    40   110   173    27   120 
   26   111   166   142   117     1    97    43    64    94    32    49    88   147    80 
   27    77   124    67   146    52     6    67    12    29   177   109    29     7    64 
  145   101   108    34   168   124    91    47   134    65    71    60    36    45    50 
   89    51   153    74    19   131   154    19    16    23    47    74     3    90   113 
   24    68   154    17   136   127   165   109    88   125    57    59    56    41    36 
   10   178    89   161   128    44    17     6    10    26   110    49   176   118   138 
   85   112    97     1    18     3    12    29   137    80   113    75    31    54   126 
  160   123   161   131     5     9   172   156    94    22   125    61     3   163   104 
  152    61    94   139   121   177    76   134   155    90 
  163   154    47   144    86   121    57     2    53   177 
  143    31   155   123    17    26    76    84     7    22 
  104    55    63   131    37   154   137   176   134   154 
   13    22   111    78     6    60   132   130   152   139 
   14   150   145    71    69   176   101   174   140     0 
  130   174   120     8   151    16    34     1   156     5 
  146   170    57    74    43   167    75    60     5    49 
   73    90    76    47    87    26    58   130   142   174 
  104    31    78    43   110    67   155   101    43    13 
   92   123    39     2    28    33    46    91    20    98 
    0    32   163    17    21    80   102    16   110   164 
  133     3   125   105    48   152    33   136    16    45 
  127   131   149   158    75   154    45   151    65   155 
  106   171     4    79    83    22   144    47    91   127 
  137    80    39    31   118   113    85    56   107    86 
   86   129    30    19     9    38   132    51   139    45 
   25    36    17    40    39     9     1   170    89   128 
