25 18 6
 1
      2276
      2276
      2276
      2276
      2276
      2276
    2
     2
     2
     2
     4
     2
     2
     4
     4
     3
     3
     3
     4
     3
     2
     4
     4
     3
     4
     3
     3
     3
     4
     3
     2
   2.9  13.9   595    17 
  4.5  24.5   667    23 
  4.4  39.3   178    20 
  3.5  26.0   428    23 
  2.9  31.0   224    18 
  4.4  10.2   590    24 
  3.2  10.5   629    17 
  3.0  10.9   909    17 
  1.8  39.5   858    20 
  2.9  10.9   149    23 
  1.2  42.9   530    18 
  1.4  20.1    56    20 
  2.7  28.9   616    16 
  4.2  30.2   631    17 
  4.0  43.9   214    23 
  4.8  33.4   540    21 
  3.8  29.4   571    22 
  2.1  36.8   500    24 
  4.3  47.9    87    19 
  3.9  49.9   877    18 
  2.7  42.8   251    16 
  2.0  46.0   728    25 
  1.4  35.2   241    19 
  2.3  43.2   217    18 
  4.2  10.6   762    25 
  2.3  23.8   252    24 
  4.7  19.9   439    20 
  1.9  38.1   350    16 
  1.2  27.8   358    24 
  1.6  33.5   468    21 
  3.0  10.7   336    21 
  4.4  49.3   208    15 
  4.9  24.1   241    22 
  3.6  11.1   868    15 
  3.5  35.6   458    18 
  1.6  12.9   147    24 
  2.4  31.0   660    23 
  4.1  47.0   942    23 
  3.8  49.1   555    21 
  2.0  46.5   937    18 
  4.1  35.0   912    16 
  2.9  30.2   111    19 
  1.5  13.8   246    17 
  1.3  14.4   949    22 
  1.2  49.2   452    22 
  2.6  49.8   941    21 
  5.0  45.0   303    23 
  2.7  19.2   176    19 
  3.0  44.4   472    24 
  2.5  33.8   264    16 
  2.9  34.7   925    21 
  3.6  42.0   130    19 
  1.4  26.9   652    25 
  2.2  20.1   372    23 
  3.4  28.4   262    16 
  4.2  44.0   457    25 
  1.7  42.2   230    22 
  1.2  25.5   739    17 
  2.9  12.5   702    23 
  3.9  14.0   403    19 
  3.9  33.6   301    19 
  4.2  47.1    72    24 
  4.6  34.7   816    19 
  1.5  23.6   143    23 
  1.5  21.4   365    19 
  5.0  43.9   899    16 
  2.5  13.7    77    21 
  1.8  15.8   792    23 
  1.0  30.5   147    23 
  4.7  22.4   861    15 
  2.5  34.0   378    22 
  3.0  39.3   520    16 
  4.6  15.2   425    16 
  4.0  40.1   442    16 
  3.3  13.7   181    16 
  3.8  16.4   195    25 
  2.8  34.7   928    18 
  3.8  32.2   277    16 
  3.9  46.2    72    20 
  4.0  27.1   549    21 
  4.0  10.4   111    19 
  4.0  35.3   634    21 
  4.6  35.9   463    23 
  4.9  36.2   915    17 
  1.8  12.6   174    23 
  3.4  16.7   705    22 
  3.2  29.2   670    24 
  2.7  37.9   947    23 
  2.7  21.5   180    20 
  4.6  35.7   945    21 
  2.8  48.3   132    17 
  4.8  39.1   235    18 
  4.2  42.5   868    21 
  4.0  23.0   598    17 
  2.5  22.4   899    21 
  5.0  11.5   656    20 
  1.5  22.6   504    15 
  4.2  26.7   356    25 
  4.7  30.1   480    25 
  1.3  31.8   169    24 
  1.3  45.8   653    17 
  1.8  33.3   352    22 
  1.8  14.8   289    23 
  3.5  16.5   922    17 
  4.1  16.4   371    21 
  3.6  11.9    65    23 
  2.3  32.2   492    20 
  1.8  48.3   664    24 
  3.1  24.5   572    23 
  2.0  20.4   871    16 
  1.1  37.2   826    16 
  4.8  46.8   162    24 
  4.0  44.5   382    18 
  1.9  45.0   568    18 
  1.6  43.9   497    21 
  5.0  35.8   461    24 
  2.9  17.7   893    25 
  4.2  23.0   781    21 
  4.8  13.5   590    22 
  3.7  14.2   666    16 
  4.1  30.8   781    20 
  1.7  36.5   346    15 
  1.6  10.1   805    25 
  4.0  47.6   900    18 
  3.5  31.7   380    17 
  3.9  32.1   417    16 
  2.7  18.9   923    22 
  3.0  34.0    93    23 
  4.2  42.4    55    24 
  4.0  32.5   780    17 
  2.8  14.4   440    22 
  2.6  14.3   243    23 
  4.6  45.1   468    21 
  5.0  10.4   764    17 
  4.9  13.0    77    21 
  2.1  22.7   330    24 
  4.0  31.4   847    23 
  5.0  18.3   773    19 
  4.7  33.2   233    16 
  3.4  49.4   292    16 
  4.8  27.2   217    17 
  1.4  28.7   690    17 
  3.7  21.9   517    19 
  1.9  15.7   537    24 
  3.8  19.4   584    19 
  4.9  22.1   367    25 
  4.2  29.8   156    19 
  4.3  19.1   666    16 
  4.2  12.1   704    25 
  2.3  17.2   738    23 
   14    81   157    48    11    70   145   116   149   141   148    27   156     8    93 
  150    19    53     5    45    33    32   104   145   125    81    54   171    49    23 
  176    16    92   108   122    52   158   144   133    36    57    64   135     6    13 
  167   113    85    50    52    93    17    96     6    69    83    82   127    97    66 
   98   124    86    65   110    59    65   102   127    78   108    62   116     1   138 
   18    46     7   111    77   133    30   177   125    60    69    55    81    52   117 
  125   103   163    38    51    59    67    52   105    13    60    94   153   110    40 
  151   106    99    27    83   108   158    84    13   155   111   159    87    67   148 
  102   121   132   172   110   165   176   122    51   178    18   161    82    65    35 
  128    63    70    28   177   172    48    34   148   145    41    74   143   132    75 
  157   111    16   149    59    78    28   170   157    89   126   166   165    78    41 
  157    52    43    78    21   105    57     5   103   122   155    90     8    70    70 
   28   137    84    70    23    70    12     4    48    77    84    60    48    81   101 
   91    47   143    91   126   128     3    86   126    53   105   141   176    85   139 
   21    67    59     3    76   160    48    54    92   152   156   165   117    93   163 
   56    30    17   131   120    37   172     4    34   135   172    38    33    19   134 
   77    97    65    88   109    33   146    39   110   129    54    39    18   124   126 
   21    12   167   141    85   147    73    73    42   120    92   166   152   127    24 
  151     4   104   169   119   100   103   150     7   142 
   71   173   111    73    68   111   115    49   125   105 
   92    62    23    27   177    43    28    98   118    62 
  104    25    45   158    25   122   121    73     8   120 
  136   157   107    63    42    70    74    73   106    45 
   66    54   104   127    30    29    17   140    19   136 
  127   140    77    97   163    84    19   167    86    28 
  171   103    57    83   150   125   158   107   140   178 
   71    35   107    11    78   157   156    19    23    15 
  109    10   111    53   140   160    16    47   158   116 
   95   171    45   153    22    18   117    27   150   111 
   99    54   173   138   102   109   161   103   146    19 
   21    12    69    26    33   146   152   167   114    41 
   52    18    54    39    16    88    20   161    57   143 
  119   170   149    22    17    26    29    25    48   106 
  100   105    80    53   177   168    80   158    91   165 
  106   110    63    94    76    49    82    99    73   139 
   65   165   101   176   147   157   176    71    53    92 
