12 18 2
 1
      2319
      2319
    2
     3
     3
     4
     3
     3
     3
     4
     3
     3
     2
     4
   4.2  72.2   429    23 
  1.9  38.9   293    18 
  2.7  66.6   929    19 
  3.8  61.1   343    24 
  3.0  53.2   444    22 
  3.5  24.5   494    22 
  1.3  72.8   392    18 
  4.1  66.8   742    18 
  3.6  59.1   220    20 
  1.1  47.0   224    24 
  1.5  23.4   697    19 
  2.6  72.3   759    17 
  1.2  64.3   190    16 
  4.9  26.8   759    20 
  2.2  72.0   136    24 
  4.4  53.4   838    21 
  4.9  58.7   540    24 
  4.4  39.8   873    22 
  1.2  37.7   939    20 
  4.0  34.9   794    16 
  2.4  42.8   460    19 
  2.4  42.0   527    23 
  1.3  17.3   232    23 
  3.6  31.8   197    23 
  158    30   141    33   178   142   164    99    15    59   114    12 
   61   115   105   144    70    48    40    72    37    61    74   128 
  128    26    47    46    83   115    75    19   159    75   152    59 
   47    31     6    94    87    63    44   122    82    54    25   131 
  104    32   165    44    91    80   137    71   150     3   141    77 
  143   124     6    63   177    55   143    59     0   126    17    51 
  168   170    83    56   105   134    27   145   121   109   164    52 
  137    61    34    45   117   177    29   173    60   113   163     2 
    3   120    80   121     9    30    35   175    45    90   141    74 
  163    89    53   108   160    42    40    85     0   160    35   124 
  135   159   164   147   105   123    78   134   152   142   121   143 
   62   132   151    12   103   154   116    67    55   159    61   152 
   55   119   133   125    66    25    37   111     9   156   139   118 
  111    51    61   148    33   121   177    64   175   136    48   111 
   53   166    98    57    94    17    11    66    69    77    41    59 
  175   132   166    66   124    45    87    47    45    21   115    99 
  109    45    12    57   178    93   177    46     3   170    68    44 
  115     0   147   124    61    28    23    68   174   179    77    92 
